 Nx=          50 Ny=           8        M=       10000
       1      16           0.004750644          -0.011203474           0.000994716
       9      24           0.009609958          -0.008536174          -0.001575904
      17      32           0.011229729          -0.013722651          -0.001105496
      25      40           0.013595973          -0.014782123          -0.000245952
      33      48           0.011266147          -0.009758038          -0.000210017
      41      56           0.011583393          -0.017792635           0.001163155
      49      64           0.013609887          -0.013821992          -0.002166983
      57      72           0.015592899          -0.022866065          -0.001349464
      65      80           0.020639986          -0.023788638          -0.000794447
      73      88           0.016499174          -0.016153924          -0.000784261
      81      96           0.015046137          -0.023521243           0.000750698
      89     104           0.015854382          -0.018333758          -0.001814500
      97     112           0.015067933          -0.023549396          -0.001075937
     105     120           0.018563710          -0.024001450          -0.000854984
     113     128           0.015527522          -0.019210522          -0.000907446
     121     136           0.015092704          -0.024014524          -0.000116914
     129     144           0.015691524          -0.020666461          -0.001496925
     137     152           0.014857851          -0.023150194          -0.001016109
     145     160           0.016671271          -0.023192275          -0.000955538
     153     168           0.015006194          -0.020956220          -0.000957984
     161     176           0.015048524          -0.023300011          -0.000692252
     169     184           0.015487050          -0.021831981          -0.001241189
     177     192           0.014950900          -0.021782234          -0.001222332
     185     200           0.015708298          -0.022958221          -0.001234192
     193     208           0.015011390          -0.021636012          -0.000960500
     201     216           0.014989782          -0.022815525          -0.000936865
     209     224           0.015596484          -0.022518297          -0.001063962
     217     232           0.015014371          -0.022042271          -0.001183116
     225     240           0.015452579          -0.023116267          -0.000806239
     233     248           0.015074000          -0.021324497          -0.000956823
     241     256           0.014934104          -0.022941080          -0.000959254
     249     264           0.016213195          -0.022986108          -0.001017909
     257     272           0.014933979          -0.021207359          -0.001424521
     265     280           0.015584355          -0.023760424          -0.000371437
     273     288           0.015037089          -0.019888804          -0.000909206
     281     296           0.015218757          -0.023697504          -0.000862264
     289     304           0.017740446          -0.023343144          -0.001091738
     297     312           0.014986794          -0.019383568          -0.001771202
     305     320           0.015871994          -0.023823983           0.000455260
     313     328           0.014991375          -0.017052413          -0.000785143
     321     336           0.016231389          -0.024055286          -0.000759214
     329     344           0.020072221          -0.023018482          -0.001360036
     337     352           0.015528800          -0.015225815          -0.002207394
     345     360           0.014354756          -0.019370511           0.001107713
     353     368           0.012467488          -0.011052364          -0.000261604
     361     376           0.012592810          -0.016780293          -0.000277181
     369     384           0.015190567          -0.015428700          -0.001231859
     377     392           0.012387537          -0.009713134          -0.001821217
     385     400           0.010485954          -0.012547036           0.001099710

       2      11           0.006098945          -0.011322535           0.001120311           0.001016564
      10      19           0.011225062          -0.008628015          -0.001178626          -0.001602563
      18      27           0.013560069          -0.013756451          -0.001441210          -0.001150618
      26      35           0.016045312          -0.014757442           0.000089862          -0.000269891
      34      43           0.013897395          -0.009723070          -0.000435888          -0.000205824
      42      51           0.015946020          -0.017809071           0.001419159           0.001177647
      50      59           0.019397718          -0.013870688          -0.001193459          -0.002229453
      58      67           0.024305336          -0.022974483          -0.001518156          -0.001384571
      66      75           0.028077929          -0.023871683          -0.000027016          -0.000814996
      74      83           0.025130776          -0.016203654          -0.000855322          -0.000805567
      82      91           0.025719772          -0.023594761           0.001489762           0.000758781
      90      99           0.027276752          -0.018428702          -0.000525446          -0.001866656
      98     107           0.029749115          -0.023662034          -0.000766920          -0.001103554
     106     115           0.031039317          -0.024105927           0.000225221          -0.000869891
     114     123           0.029632521          -0.019287751          -0.000521756          -0.000931813
     122     131           0.029967069          -0.024107543           0.000926979          -0.000122161
     130     139           0.030695812          -0.020775768          -0.000273895          -0.001534465
     138     147           0.031776513          -0.023256044          -0.000330477          -0.001038647
     146     155           0.031842440          -0.023301120           0.000197040          -0.000970749
     154     163           0.031350539          -0.021050431          -0.000256976          -0.000979472
     162     171           0.031438815          -0.023402960           0.000425505          -0.000704758
     170     179           0.031710009          -0.021938971          -0.000158937          -0.001266390
     178     187           0.032206590          -0.022018224          -0.000148792          -0.001199088
     186     195           0.031964289          -0.022967823          -0.000157883          -0.001276934
     194     203           0.031760814          -0.021737891          -0.000152322          -0.000979362
     202     211           0.031787948          -0.022919426           0.000188363          -0.000954361
     210     219           0.031926462          -0.022620007          -0.000122289          -0.001083577
     218     227           0.032173817          -0.022144687          -0.000161303          -0.001204828
     226     235           0.031844760          -0.023218304           0.000314361          -0.000821113
     234     243           0.031644165          -0.021437638          -0.000185281          -0.000981565
     242     251           0.031580331          -0.023044887           0.000179274          -0.000978493
     250     259           0.031893702          -0.023082956          -0.000250182          -0.001035692
     258     267           0.031994317          -0.021307909          -0.000238403          -0.001449337
     266     275           0.031245714          -0.023864973           0.000708227          -0.000381813
     274     283           0.030674378          -0.020019573          -0.000391279          -0.000943986
     282     291           0.030412040          -0.023807606           0.000265107          -0.000882901
     290     299           0.031393133          -0.023426833          -0.000672783          -0.001112452
     298     307           0.030648961          -0.019483015          -0.000415738          -0.001797776
     306     315           0.028759898          -0.023936034           0.001314977           0.000454437
     314     323           0.027349374          -0.017195972          -0.000752558          -0.000829936
     322     331           0.026686000          -0.024181927           0.000141871          -0.000777163
     330     339           0.029101377          -0.023086222          -0.001472349          -0.001377853
     338     347           0.025951684          -0.015321893          -0.001001982          -0.002224406
     346     355           0.021695645          -0.019485034           0.001481848           0.001116212
     354     363           0.018380564          -0.011188707          -0.000542050          -0.000305500
     362     371           0.016319399          -0.016935673           0.000160251          -0.000272301
     370     379           0.018534014          -0.015510170          -0.001641451          -0.001209441
     378     387           0.015470484          -0.009669933          -0.001250332          -0.001802723
     386     395           0.012582501          -0.012448704           0.001254492           0.001109152
