 Nx=          50 Ny=           8 Jd=  -1.73205080756888     
 -6.928203230275511E-002        3600       12000
       1       9          -0.013868731           0.027375026           0.000000000           0.000000000
       9      17          -0.029154250           0.029128735           0.000000000           0.000000000
      17      25          -0.031935111           0.032392417           0.000000000           0.000000000
      25      33          -0.030778712           0.028182697           0.000000000           0.000000000
      33      41          -0.030252765           0.030941098           0.000000000           0.000000000
      41      49          -0.031872554           0.031241723           0.000000000           0.000000000
      49      57          -0.033018798           0.032936587           0.000000000           0.000000000
      57      65          -0.033543231           0.032371077           0.000000000           0.000000000
      65      73          -0.033407138           0.032616744           0.000000000           0.000000000
      73      81          -0.033377756           0.032343204           0.000000000           0.000000000
      81      89          -0.033385183           0.032578380           0.000000000           0.000000000
      89      97          -0.033470284           0.032511929           0.000000000           0.000000000
      97     105          -0.033489486           0.032595051           0.000000000           0.000000000
     105     113          -0.033499226           0.032535337           0.000000000           0.000000000
     113     121          -0.033488521           0.032564105           0.000000000           0.000000000
     121     129          -0.033494644           0.032546523           0.000000000           0.000000000
     129     137          -0.033498911           0.032566034           0.000000000           0.000000000
     137     145          -0.033502864           0.032555004           0.000000000           0.000000000
     145     153          -0.033501792           0.032562771           0.000000000           0.000000000
     153     161          -0.033503632           0.032559737           0.000000000           0.000000000
     161     169          -0.033505532           0.032565478           0.000000000           0.000000000
     169     177          -0.033507432           0.032563163           0.000000000           0.000000000
     177     185          -0.033506989           0.032563703           0.000000000           0.000000000
     185     193          -0.033506013           0.032560546           0.000000000           0.000000000
     193     201          -0.033503203           0.032556399           0.000000000           0.000000000
     201     209          -0.033500801           0.032554031           0.000000000           0.000000000
     209     217          -0.033504416           0.032556065           0.000000000           0.000000000
     217     225          -0.033503628           0.032555361           0.000000000           0.000000000
     225     233          -0.033504243           0.032556034           0.000000000           0.000000000
     233     241          -0.033502971           0.032552569           0.000000000           0.000000000
     241     249          -0.033503139           0.032557163           0.000000000           0.000000000
     249     257          -0.033502313           0.032550863           0.000000000           0.000000000
     257     265          -0.033502549           0.032559983           0.000000000           0.000000000
     265     273          -0.033498485           0.032542727           0.000000000           0.000000000
     273     281          -0.033498085           0.032563572           0.000000000           0.000000000
     281     289          -0.033493666           0.032533400           0.000000000           0.000000000
     289     297          -0.033503639           0.032592821           0.000000000           0.000000000
     297     305          -0.033493189           0.032508039           0.000000000           0.000000000
     305     313          -0.033476034           0.032578585           0.000000000           0.000000000
     313     321          -0.033395274           0.032342641           0.000000000           0.000000000
     321     329          -0.033390683           0.032618475           0.000000000           0.000000000
     329     337          -0.033415526           0.032364835           0.000000000           0.000000000
     337     345          -0.033543314           0.032934924           0.000000000           0.000000000
     345     353          -0.033026940           0.031250816           0.000000000           0.000000000
     353     361          -0.031934171           0.030994107           0.000000000           0.000000000
     361     369          -0.030434744           0.028282600           0.000000000           0.000000000
     369     377          -0.031053991           0.032473720           0.000000000           0.000000000
     377     385          -0.032020059           0.029017327           0.000000000           0.000000000
     385     393          -0.028944523           0.027214208           0.000000000           0.000000000

       2      10          -0.013846914           0.027488178           0.000000000           0.000000000
      10      18          -0.029094240           0.029210278           0.000000000           0.000000000
      18      26          -0.031746768           0.032350638           0.000000000           0.000000000
      26      34          -0.030537961           0.028118026           0.000000000           0.000000000
      34      42          -0.029959709           0.030895686           0.000000000           0.000000000
      42      50          -0.031579609           0.031249007           0.000000000           0.000000000
      50      58          -0.032716769           0.032958846           0.000000000           0.000000000
      58      66          -0.033221349           0.032389784           0.000000000           0.000000000
      66      74          -0.033057430           0.032624924           0.000000000           0.000000000
      74      82          -0.033011982           0.032351994           0.000000000           0.000000000
      82      90          -0.033008411           0.032589016           0.000000000           0.000000000
      90      98          -0.033086540           0.032525070           0.000000000           0.000000000
      98     106          -0.033097949           0.032607812           0.000000000           0.000000000
     106     114          -0.033101106           0.032547753           0.000000000           0.000000000
     114     122          -0.033084609           0.032575786           0.000000000           0.000000000
     122     130          -0.033086768           0.032558302           0.000000000           0.000000000
     130     138          -0.033088222           0.032578696           0.000000000           0.000000000
     138     146          -0.033089909           0.032567111           0.000000000           0.000000000
     146     154          -0.033087408           0.032575909           0.000000000           0.000000000
     154     162          -0.033088507           0.032572243           0.000000000           0.000000000
     162     170          -0.033089531           0.032578108           0.000000000           0.000000000
     170     178          -0.033090944           0.032575835           0.000000000           0.000000000
     178     186          -0.033089891           0.032576296           0.000000000           0.000000000
     186     194          -0.033088333           0.032573593           0.000000000           0.000000000
     194     202          -0.033085090           0.032571530           0.000000000           0.000000000
     202     210          -0.033081958           0.032566823           0.000000000           0.000000000
     210     218          -0.033085168           0.032568396           0.000000000           0.000000000
     218     226          -0.033084447           0.032570241           0.000000000           0.000000000
     226     234          -0.033084526           0.032570879           0.000000000           0.000000000
     234     242          -0.033083169           0.032567447           0.000000000           0.000000000
     242     250          -0.033083784           0.032572025           0.000000000           0.000000000
     250     258          -0.033083699           0.032565807           0.000000000           0.000000000
     258     266          -0.033085134           0.032574761           0.000000000           0.000000000
     266     274          -0.033082672           0.032557821           0.000000000           0.000000000
     274     282          -0.033084582           0.032578458           0.000000000           0.000000000
     282     290          -0.033083126           0.032548459           0.000000000           0.000000000
     290     298          -0.033097887           0.032607510           0.000000000           0.000000000
     298     306          -0.033092953           0.032523657           0.000000000           0.000000000
     306     314          -0.033083796           0.032594416           0.000000000           0.000000000
     314     322          -0.033010682           0.032359398           0.000000000           0.000000000
     322     330          -0.033017833           0.032631603           0.000000000           0.000000000
     330     338          -0.033056523           0.032380143           0.000000000           0.000000000
     338     346          -0.033209859           0.032952486           0.000000000           0.000000000
     346     354          -0.032711359           0.031280745           0.000000000           0.000000000
     354     362          -0.031640737           0.031028200           0.000000000           0.000000000
     362     370          -0.030168001           0.028351917           0.000000000           0.000000000
     370     378          -0.030862105           0.032541992           0.000000000           0.000000000
     378     386          -0.031837373           0.028993326           0.000000000           0.000000000
     386     394          -0.028808822           0.027121312           0.000000000           0.000000000
