     137     146      -0.182476618      -0.182584562       0.065262727       0.050799565
     145     154      -0.175216588      -0.186177914       0.068304990       0.052902101
     153     162      -0.183635719      -0.179161802       0.070763829       0.055770425
     161     170      -0.184886927      -0.203041240       0.078527417       0.062331881
     169     178      -0.183572303      -0.179347302       0.069337462       0.053863236
     177     186      -0.180908347      -0.183738719       0.068785473       0.053232347
     185     194      -0.178864190      -0.189927789       0.072108277       0.055957522
     193     202      -0.182528766      -0.182699532       0.071374055       0.055779790
     201     210      -0.182728360      -0.191478468       0.073017713       0.056907599
     209     218      -0.179737740      -0.183400166       0.069071948       0.053489014
     217     226      -0.180589965      -0.180261184       0.069153387       0.053519686
     225     234      -0.182262196      -0.198999716       0.076678869       0.060361475
     233     242      -0.183811604      -0.181143191       0.071195199       0.055977466
     241     250      -0.183442988      -0.186933174       0.069421407       0.053877768
     249     258      -0.176282021      -0.183206432       0.066351429       0.051550247
     257     266      -0.181464996      -0.174465308       0.068421249       0.053682964
     138     147      -0.256395623      -0.181262281       0.050729956       0.065824854
     146     155      -0.255718239      -0.184663633       0.052832446       0.068786959
     154     163      -0.258379615      -0.177845688       0.055701416       0.071337514
     162     171      -0.268878865      -0.201673741       0.062263219       0.079215491
     170     179      -0.262837661      -0.178147434       0.053823516       0.070068185
     178     187      -0.261406552      -0.182360534       0.053165220       0.069365243
     186     195      -0.260831550      -0.188541542       0.055892125       0.072655431
     194     203      -0.263673471      -0.181367592       0.055723532       0.071996558
     202     211      -0.264810032      -0.190153675       0.056845940       0.073685622
     210     219      -0.261428060      -0.182091456       0.053432320       0.069728589
     218     227      -0.261490654      -0.178887438       0.053460836       0.069713677
     226     235      -0.262003444      -0.197633287       0.060291303       0.077172666
     234     243      -0.267574558      -0.179769471       0.055932167       0.071859024
     242     251      -0.260299604      -0.185688653       0.053823398       0.070141483
     250     259      -0.257761427      -0.181829099       0.051488475       0.066976835
     258     267      -0.257671679      -0.173092530       0.053617691       0.068920213
     139     148      -0.181509189      -0.181133403       0.066172575       0.049989891
     147     156      -0.174296362      -0.184548630       0.069157592       0.052078865
     155     164      -0.182718803      -0.177769234       0.071720839       0.054959060
     163     172      -0.183894041      -0.201560434       0.079576632       0.061477896
     171     180      -0.182646214      -0.178029139       0.070436551       0.053057682
     179     188      -0.179973739      -0.182243757       0.069722299       0.052425425
     187     196      -0.177960870      -0.188422548       0.073016135       0.055158026
     195     204      -0.181646331      -0.181262261       0.072376025       0.054978733
     203     212      -0.181800859      -0.190038305       0.074049430       0.056086493
     211     220      -0.178819882      -0.181990109       0.070097822       0.052683101
     219     228      -0.179694636      -0.178778249       0.070082040       0.052733728
     227     236      -0.181359946      -0.197548703       0.077529417       0.059571291
     235     244      -0.182948046      -0.179621325       0.072243370       0.055154797
     243     252      -0.182500723      -0.185565809       0.070501210       0.053054107
     251     260      -0.175327284      -0.181741324       0.067348447       0.050730375
     259     268      -0.180579068      -0.172984687       0.069292743       0.052907801
     140     149      -0.256459052      -0.181037636       0.050388782       0.065770054
     148     157      -0.255930483      -0.184724071       0.052500237       0.068816208
     156     165      -0.258598314      -0.177778136       0.055386655       0.071305507
     164     173      -0.268874387      -0.201525696       0.061892479       0.079002907
     172     181      -0.262731541      -0.177952552       0.053453258       0.069878218
     180     189      -0.261455701      -0.182242714       0.052829271       0.069303599
     188     197      -0.260979179      -0.188475940       0.055567904       0.072618684
     196     205      -0.263832615      -0.181251489       0.055393894       0.071918335
     204     213      -0.264845559      -0.189981623       0.056496281       0.073526832
     212     221      -0.261403041      -0.181984008       0.053090720       0.069592703
     220     229      -0.261547557      -0.178833631       0.053136968       0.069688362
     228     237      -0.262178440      -0.197572079       0.059981548       0.077164297
     236     245      -0.267719767      -0.179616736       0.055572014       0.071735240
     244     253      -0.260276100      -0.185414084       0.053459156       0.069936621
     252     261      -0.257676797      -0.181808252       0.051145282       0.066840053
     260     269      -0.257716482      -0.173118823       0.053316016       0.068969853
     141     150      -0.181453990      -0.181123974       0.066238925       0.050030966
     149     158      -0.174377165      -0.184736737       0.069299701       0.052214667
     157     166      -0.182729477      -0.177916385       0.071777344       0.054991853
     165     174      -0.183791796      -0.201413736       0.079470769       0.061364488
     173     182      -0.182542436      -0.177909298       0.070336857       0.052964670
     181     190      -0.179945887      -0.182295377       0.069769023       0.052462997
     189     198      -0.178010466      -0.188497116       0.073089361       0.055226780
     197     206      -0.181677045      -0.181264629       0.072386751       0.054982368
     205     214      -0.181778088      -0.189942920       0.073999807       0.056020998
     213     222      -0.178770989      -0.181953244       0.070063683       0.052643070
     221     230      -0.179708944      -0.178876715       0.070153015       0.052811195
     229     238      -0.181443281      -0.197674182       0.077633984       0.059678826
     237     246      -0.183031041      -0.179525272       0.072206056       0.055142112
     245     254      -0.182492982      -0.185407469       0.070414186       0.052947702
     253     262      -0.175256638      -0.181743871       0.067310223       0.050690314
     261     270      -0.180612269      -0.173215069       0.069425234       0.053063309
     142     151      -0.256412976      -0.181024182       0.050446043       0.065916357
     150     159      -0.256058002      -0.184928392       0.052619220       0.069061286
     158     167      -0.258657821      -0.177934070       0.055410950       0.071467239
     166     175      -0.268740325      -0.201413900       0.061772959       0.079019733
     174     183      -0.262528529      -0.177835034       0.053361966       0.069890241
     182     191      -0.261375419      -0.182308039       0.052869208       0.069439074
     190     199      -0.260996389      -0.188575222       0.055634610       0.072782327
     198     207      -0.263828272      -0.181254717       0.055398983       0.072010555
     206     215      -0.264735615      -0.189899341       0.056435295       0.073567631
     214     223      -0.261280496      -0.181948585       0.053052654       0.069655558
     222     231      -0.261499855      -0.178932889       0.053211997       0.069860382
     230     239      -0.262264329      -0.197724412       0.060091965       0.077371873
     238     247      -0.267742180      -0.179523721       0.055564857       0.071792779
     246     255      -0.260103453      -0.185266542       0.053365997       0.069931405
     254     263      -0.257502131      -0.181807772       0.051094967       0.066902761
     143     152      -0.182338038      -0.181116521       0.066284168       0.050867017
     151     160      -0.175361000      -0.185064803       0.069413508       0.053063446
     159     168      -0.183706740      -0.178114919       0.071848244       0.055845618
     167     176      -0.184671427      -0.201506181       0.079365385       0.062177720
     175     184      -0.183466864      -0.177954491       0.070251545       0.053759515
     183     192      -0.180844045      -0.182413850       0.069806848       0.053277087
     191     200      -0.178936806      -0.188692788       0.073148180       0.056047655
     199     208      -0.182613600      -0.181375060       0.072394216       0.055793628
     207     216      -0.182675667      -0.190002007       0.073937230       0.056825270
     215     224      -0.179683427      -0.182068192       0.070024685       0.053449471
     223     232      -0.180637688      -0.179054582       0.070236006       0.053616681
     231     240      -0.182367923      -0.197846305       0.077740310       0.060524406
     239     248      -0.184005328      -0.179616497       0.072180608       0.055950335
     247     256      -0.183405884      -0.185383728       0.070308004       0.053760028
     255     264      -0.176159830      -0.181942980       0.067257281       0.051523237
     263     272      -0.181582054      -0.173475301       0.069587020       0.053888305
     144     145      -0.255459658      -0.182523882       0.050792129       0.067506602
     152     153      -0.254861298      -0.186285658       0.052993719       0.070582963
     160     161      -0.257522853      -0.179491242       0.055789868       0.073089249
     168     169      -0.267808500      -0.202872587       0.062091354       0.080712741
     176     177      -0.261687295      -0.179332520       0.053688804       0.071604065
     184     185      -0.260418729      -0.183741185       0.053212350       0.071036966
     192     193      -0.259885192      -0.190009419       0.055989395       0.074341983
     200     201      -0.262735243      -0.182738402       0.055739664       0.073661487
     208     209      -0.263758128      -0.191394719       0.056760288       0.075254023
     216     217      -0.260330754      -0.183445701       0.053387321       0.071327138
     224     225      -0.260508928      -0.180293059       0.053575928       0.071413617
     232     233      -0.261114261      -0.199206983       0.060464915       0.078872675
     240     241      -0.266641383      -0.180943199       0.055891273       0.073497665
     248     249      -0.259180561      -0.186872791       0.053698690       0.071680846
     256     257      -0.256581381      -0.183352247       0.051433464       0.068567480

