Nx=  50 Ny= 8 M= 12000
   1  1     0.872516135634053
   1  2     0.872323153403088
   1  3     0.872962894758141
   1  4     0.873276850173493
   1  5     0.873168695034466
   1  6     0.873159528908255
   1  7     0.873527967546523
   1  8     0.873439171428294
   2  1     0.894854787325721
   2  2     0.894408815100662
   2  3     0.895051789444835
   2  4     0.895415594421642
   2  5     0.895224797549460
   2  6     0.895292447656639
   2  7     0.896096281321251
   2  8     0.896283983615890
   3  1     0.896421552771216
   3  2     0.895838718189417
   3  3     0.896612323463584
   3  4     0.897040417879777
   3  5     0.896582149708251
   3  6     0.896412994035321
   3  7     0.897201854616795
   3  8     0.897568401263492
   4  1     0.847707512785522
   4  2     0.846992486393222
   4  3     0.848288190681007
   4  4     0.849076068099768
   4  5     0.848189882839874
   4  6     0.847596075157036
   4  7     0.848536233396654
   4  8     0.849053846052417
   5  1     0.862722672659874
   5  2     0.861395439848639
   5  3     0.861842280529514
   5  4     0.862263979932561
   5  5     0.861560364198095
   5  6     0.861461607012219
   5  7     0.863023022917223
   5  8     0.864157465200444
   6  1     0.874938207531094
   6  2     0.873434263647068
   6  3     0.873796413976370
   6  4     0.874441220661479
   6  5     0.874102748901254
   6  6     0.874079972674708
   6  7     0.875390279858775
   6  8     0.876354429083246
   7  1     0.867201778815952
   7  2     0.866284881128511
   7  3     0.867325424690309
   7  4     0.868386062243014
   7  5     0.867775186573334
   7  6     0.866864069125826
   7  7     0.867349056531630
   7  8     0.868124937879167
   8  1     0.867728517120456
   8  2     0.867060480895700
   8  3     0.867629250371876
   8  4     0.868114865458909
   8  5     0.867120475457818
   8  6     0.865941439341962
   8  7     0.866429819784925
   8  8     0.867782683465475
   9  1     0.869775691872435
   9  2     0.868330945918414
   9  3     0.868164789328066
   9  4     0.868737456236170
   9  5     0.868721856859630
   9  6     0.868520905609536
   9  7     0.869264133345155
   9  8     0.870323934733060
  10  1     0.865370395910609
  10  2     0.863848012694503
  10  3     0.863989785448959
  10  4     0.865170989747083
  10  5     0.865676793394450
  10  6     0.865509790007741
  10  7     0.865813345399773
  10  8     0.866325373942545
  11  1     0.868064996227610
  11  2     0.867651780667499
  11  3     0.867997737418379
  11  4     0.868486677915262
  11  5     0.867793465403168
  11  6     0.866507059124754
  11  7     0.866439257527151
  11  8     0.867674089589525
  12  1     0.870415732188425
  12  2     0.869847752077773
  12  3     0.869717305876916
  12  4     0.869797375059745
  12  5     0.869023248226245
  12  6     0.867923392175040
  12  7     0.868171682866052
  12  8     0.869762806583874
  13  1     0.867113496048827
  13  2     0.865468495490663
  13  3     0.865250924090948
  13  4     0.866300326249235
  13  5     0.866966582228980
  13  6     0.866910099780745
  13  7     0.867218079597166
  13  8     0.867866303707652
  14  1     0.866072776813088
  14  2     0.864785839828184
  14  3     0.864930840251927
  14  4     0.866158578884611
  14  5     0.866681687296151
  14  6     0.866228672556509
  14  7     0.866154778125201
  14  8     0.866682401567424
  15  1     0.868906378900819
  15  2     0.868550264919588
  15  3     0.868563036280687
  15  4     0.868719331854458
  15  5     0.867866090312737
  15  6     0.866498156412489
  15  7     0.866491917611300
  15  8     0.868074960634226
  16  1     0.868889798011996
  16  2     0.867970072333732
  16  3     0.867680102255109
  16  4     0.867983322465719
  16  5     0.867623338288078
  16  6     0.866792085844693
  16  7     0.867069513705058
  16  8     0.868522416742600
  17  1     0.867339407101423
  17  2     0.865621442324523
  17  3     0.865514473024700
  17  4     0.866883939136973
  17  5     0.867830221155272
  17  6     0.867766131237823
  17  7     0.867845943156753
  17  8     0.868264218339289
  18  1     0.867130625771936
  18  2     0.866124156412057
  18  3     0.866208624176785
  18  4     0.867154777599727
  18  5     0.867324013502661
  18  6     0.866569422989304
  18  7     0.866433264830441
  18  8     0.867257489615415
  19  1     0.868221801412798
  19  2     0.867796096517968
  19  3     0.867642822543154
  19  4     0.867683208036755
  19  5     0.866808788228426
  19  6     0.865478344472380
  19  7     0.865567509597152
  19  8     0.867293760773519
  20  1     0.868487978702000
  20  2     0.867272268710968
  20  3     0.866997089760518
  20  4     0.867661877226385
  20  5     0.867799803795587
  20  6     0.867268943038098
  20  7     0.867472706510492
  20  8     0.868564558679809
  21  1     0.867803427658340
  21  2     0.866260264128684
  21  3     0.866220211654558
  21  4     0.867546322831834
  21  5     0.868401853983678
  21  6     0.868215346497298
  21  7     0.868174240854280
  21  8     0.868584153871317
  22  1     0.867364169441407
  22  2     0.866633491221346
  22  3     0.866627749756599
  22  4     0.867195786011730
  22  5     0.866962914756617
  22  6     0.865991843465711
  22  7     0.865907186705596
  22  8     0.867046675974879
  23  1     0.867881669702807
  23  2     0.867253541718039
  23  3     0.867022257700594
  23  4     0.867174791647147
  23  5     0.866599565238192
  23  6     0.865561427656898
  23  7     0.865702702911226
  23  8     0.867227186396477
  24  1     0.868334476606119
  24  2     0.867007026481546
  24  3     0.866809971775515
  24  4     0.867713177705980
  24  5     0.868189158082457
  24  6     0.867880521444704
  24  7     0.867983062546598
  24  8     0.868727490465779
  25  1     0.867866806783450
  25  2     0.866699881951368
  25  3     0.866685098916624
  25  4     0.867684476677670
  25  5     0.868133310917744
  25  6     0.867684906315206
  25  7     0.867597756555359
  25  8     0.868219701125355
  26  1     0.867587652104645
  26  2     0.866978956981187
  26  3     0.866865530928299
  26  4     0.867169323752899
  26  5     0.866753855551272
  26  6     0.865780531400740
  26  7     0.865791230994240
  26  8     0.867075272696949
  27  1     0.867906400878818
  27  2     0.866971081960841
  27  3     0.866726437752141
  27  4     0.867175979598900
  27  5     0.867114964184717
  27  6     0.866496541154484
  27  7     0.866638945718464
  27  8     0.867753368076509
  28  1     0.867769430104146
  28  2     0.866556811343466
  28  3     0.866455265678300
  28  4     0.867386385205524
  28  5     0.867870955450803
  28  6     0.867536877722165
  28  7     0.867530398995950
  28  8     0.868156736208045
  29  1     0.867980278543345
  29  2     0.867205785918316
  29  3     0.867167275322618
  29  4     0.867746622205865
  29  5     0.867683187768691
  29  6     0.866926995283477
  29  7     0.866857490088299
  29  8     0.867817013037645
  30  1     0.868245964136279
  30  2     0.867470459810433
  30  3     0.867255914959052
  30  4     0.867590643492266
  30  5     0.867359376745399
  30  6     0.866609416304666
  30  7     0.866713518443549
  30  8     0.867910118869523
  31  1     0.867217869391481
  31  2     0.866038550772740
  31  3     0.865832012402783
  31  4     0.866589340955729
  31  5     0.866943966853966
  31  6     0.866593581380760
  31  7     0.866682216598469
  31  8     0.867463376748762
  32  1     0.867707767593521
  32  2     0.866791141223349
  32  3     0.866772731979163
  32  4     0.867526935745707
  32  5     0.867700078300805
  32  6     0.867102684391999
  32  7     0.867010869333004
  32  8     0.867783656957942
  33  1     0.868807755973918
  33  2     0.868152776774637
  33  3     0.868042785169902
  33  4     0.868400744396874
  33  5     0.868111013229016
  33  6     0.867254433705270
  33  7     0.867243451190119
  33  8     0.868397489227785
  34  1     0.867299893154831
  34  2     0.866239353122346
  34  3     0.865965252631035
  34  4     0.866497556250444
  34  5     0.866634632367772
  34  6     0.866199752083829
  34  7     0.866343433661813
  34  8     0.867302571293258
  35  1     0.866822430575387
  35  2     0.865704721279393
  35  3     0.865563892738666
  35  4     0.866370306397425
  35  5     0.866758091378282
  35  6     0.866399205861549
  35  7     0.866386630076573
  35  8     0.867055012692641
  36  1     0.869359962440290
  36  2     0.868775454156456
  36  3     0.868792455716534
  36  4     0.869298086249013
  36  5     0.869105468628632
  36  6     0.868213613732653
  36  7     0.868019022823131
  36  8     0.868975262435243
  37  1     0.868364938444568
  37  2     0.867572769921342
  37  3     0.867327858713923
  37  4     0.867708503641278
  37  5     0.867591300646159
  37  6     0.866893436987048
  37  7     0.866903268334080
  37  8     0.867987565995732
  38  1     0.866086227952136
  38  2     0.864702318775304
  38  3     0.864274868134272
  38  4     0.865010371386931
  38  5     0.865584114214817
  38  6     0.865493510109492
  38  7     0.865669026054951
  38  8     0.866399889825726
  39  1     0.867189307935755
  39  2     0.866348866030550
  39  3     0.866250638359978
  39  4     0.866956574753121
  39  5     0.867115542543724
  39  6     0.866421433868643
  39  7     0.866202405432723
  39  8     0.867032805635509
  40  1     0.870270360322459
  40  2     0.869907597041043
  40  3     0.869851745022264
  40  4     0.870267852024442
  40  5     0.869907368089102
  40  6     0.868627337292426
  40  7     0.868158359454312
  40  8     0.869371717284026
  41  1     0.869966337206089
  41  2     0.868609308204670
  41  3     0.867967982217759
  41  4     0.868668423479620
  41  5     0.869268188804552
  41  6     0.868938479432049
  41  7     0.868879016339295
  41  8     0.869835556019636
  42  1     0.865714101726176
  42  2     0.863886748549880
  42  3     0.863036429815246
  42  4     0.864074327808368
  42  5     0.865289515990389
  42  6     0.865341127819072
  42  7     0.865281715179901
  42  8     0.866003057185417
  43  1     0.863391921018044
  43  2     0.862635144925691
  43  3     0.862042142927994
  43  4     0.862837875723162
  43  5     0.863168146500036
  43  6     0.861769848322748
  43  7     0.860808644011139
  43  8     0.862202190744816
  44  1     0.874038251740928
  44  2     0.873328495736759
  44  3     0.872465615193415
  44  4     0.873137732879988
  44  5     0.873477429756576
  44  6     0.871900040246811
  44  7     0.870719912211625
  44  8     0.872349165359483
  45  1     0.880335671417033
  45  2     0.878378800845880
  45  3     0.876876363046736
  45  4     0.877970181489523
  45  5     0.879640260845732
  45  6     0.879431968174741
  45  7     0.878729216960782
  45  8     0.879697506176029
  46  1     0.862930881019158
  46  2     0.860964410147119
  46  3     0.859282138222052
  46  4     0.860440364795143
  46  5     0.862351574193630
  46  6     0.862147145879579
  46  7     0.861224414112188
  46  8     0.862092217352435
  47  1     0.849486780892847
  47  2     0.849068636658757
  47  3     0.847862108419805
  47  4     0.848293748802381
  47  5     0.848942424934059
  47  6     0.847620551500384
  47  7     0.846107761977308
  47  8     0.847412658329824
  48  1     0.897531209193022
  48  2     0.897089530542575
  48  3     0.896186399345527
  48  4     0.896421169313067
  48  5     0.896954795773287
  48  6     0.896377687269899
  48  7     0.895475531946027
  48  8     0.896215653031052
  49  1     0.896333193108238
  49  2     0.895985513909959
  49  3     0.895127052148478
  49  4     0.895238425857373
  49  5     0.895659022270098
  49  6     0.895303468744675
  49  7     0.894552657306806
  49  8     0.894973768391367
  50  1     0.873450518384270
  50  2     0.873521621010762
  50  3     0.873111536404771
  50  4     0.873118083274454
  50  5     0.873241673229945
  50  6     0.872885097097238
  50  7     0.872213081265156
  50  8     0.872470009991144
 
