 Nx=          50 Ny=           8 M=       12000
       1      10           0.004418437          -0.010294544           0.000917020           0.001031987
       9      18           0.008890690          -0.007850381          -0.001410537          -0.001051728
      17      26           0.010339714          -0.012468620          -0.000998798          -0.001249676
      25      34           0.012422009          -0.013404342          -0.000182736           0.000123738
      33      42           0.010485488          -0.009222184          -0.000112405          -0.000308927
      41      50           0.011188786          -0.016916991           0.001141447           0.001383741
      49      58           0.013284947          -0.013232131          -0.002040853          -0.001136324
      57      66           0.015502118          -0.022240255          -0.001273952          -0.001394518
      65      74           0.020396796          -0.023032901          -0.000759082          -0.000005877
      73      82           0.016407760          -0.015651479          -0.000682484          -0.000776667
      81      90           0.015053593          -0.022923621           0.000872290           0.001555005
      89      98           0.015803274          -0.017706517          -0.001743165          -0.000466136
      97     106           0.015191425          -0.023358356          -0.000991249          -0.000691052
     105     114           0.018863538          -0.023780141          -0.000809338           0.000283560
     113     122           0.015741344          -0.018776973          -0.000815469          -0.000490920
     121     130           0.015249693          -0.023844628           0.000062543           0.001088711
     129     138           0.015803132          -0.020192683          -0.001446018          -0.000193111
     137     146           0.014911682          -0.023005908          -0.000933161          -0.000260790
     145     154           0.016945631          -0.023075812          -0.000887557           0.000304077
     153     162           0.015118853          -0.020550786          -0.000870725          -0.000215536
     161     170           0.015139700          -0.023207653          -0.000551587           0.000594713
     169     178           0.015599247          -0.021470741          -0.001183539          -0.000088160
     177     186           0.014961382          -0.022408458          -0.000986116          -0.000087271
     185     194           0.015956120          -0.022777355          -0.000869070           0.000316315
     193     202           0.015105420          -0.021221789          -0.000881631          -0.000115928
     201     210           0.015093922          -0.022768219          -0.000832595           0.000349886
     209     218           0.015828198          -0.022274384          -0.001009811          -0.000073174
     217     226           0.015021423          -0.021704642          -0.001142296          -0.000086209
     225     234           0.015640700          -0.023079081          -0.000654389           0.000501322
     233     242           0.015176645          -0.020823247          -0.000867795          -0.000165937
     241     250           0.015062908          -0.022909930          -0.000890115           0.000314803
     249     258           0.016597614          -0.022869065          -0.000893452          -0.000200603
     257     266           0.014987831          -0.020963872          -0.000880188          -0.000201128
     265     274           0.015723356          -0.023688962          -0.000152544           0.000917606
     273     282           0.015215063          -0.019369826          -0.000828662          -0.000372710
     281     290           0.015463662          -0.023584846          -0.000810993           0.000341424
     289     298           0.018173634          -0.023209011          -0.001002637          -0.000615760
     297     306           0.015099018          -0.018654432          -0.001703171          -0.000362043
     305     314           0.015888386          -0.023349670           0.000643332           0.001436349
     313     322           0.015103006          -0.016490114          -0.000693049          -0.000692844
     321     330           0.016309815          -0.023443594          -0.000734018           0.000159091
     329     338           0.020090128          -0.022538366          -0.001279889          -0.001369386
     337     346           0.015521257          -0.014432288          -0.002091215          -0.000985659
     345     354           0.013971208          -0.018326606           0.001121613           0.001455162
     353     362           0.012010906          -0.010325175          -0.000144294          -0.000378838
     361     370           0.011635507          -0.015066270          -0.000209765           0.000200358
     369     378           0.013766529          -0.013900580          -0.001096179          -0.001408461
     377     386           0.011319830          -0.008829247          -0.001610956          -0.001105713
     385     394           0.009647735          -0.011444348           0.001010225           0.001152995

       2      11           0.005531599          -0.010391536           0.001018417           0.000934710
      10      19           0.010222154          -0.007926114          -0.001078360          -0.001432380
      18      27           0.012244399          -0.012495705          -0.001286299          -0.001036489
      26      35           0.014424347          -0.013376387           0.000097451          -0.000203682
      34      43           0.012601115          -0.009186075          -0.000329632          -0.000106418
      42      51           0.014796739          -0.016927116           0.001336755           0.001155187
      50      59           0.018177317          -0.013273983          -0.001195526          -0.002096257
      58      67           0.022971696          -0.022333169          -0.001467976          -0.001305312
      66      75           0.026777092          -0.023099481          -0.000074869          -0.000777983
      74      83           0.023796092          -0.015688679          -0.000831479          -0.000698540
      82      91           0.024376737          -0.022981563           0.001482554           0.000884031
      90      99           0.025938171          -0.017784227          -0.000544314          -0.001787584
      98     107           0.028606578          -0.023459069          -0.000779455          -0.001013585
     106     115           0.030151124          -0.023870264           0.000195757          -0.000819370
     114     123           0.028583165          -0.018840136          -0.000570023          -0.000833192
     122     131           0.028962188          -0.023923715           0.001000958           0.000064244
     130     139           0.029699902          -0.020285297          -0.000283786          -0.001476666
     138     147           0.030945728          -0.023100033          -0.000357860          -0.000949800
     146     155           0.031113773          -0.023170966           0.000207953          -0.000896302
     154     163           0.030537331          -0.020630796          -0.000307595          -0.000885667
     162     171           0.030641698          -0.023295034           0.000497484          -0.000556986
     170     179           0.030921696          -0.021563139          -0.000184214          -0.001201812
     178     187           0.031482216          -0.022499779          -0.000186261          -0.001000393
     186     195           0.031241800          -0.022868328           0.000219024          -0.000877025
     194     203           0.031045047          -0.021315081          -0.000211283          -0.000896072
     202     211           0.031036083          -0.022859388           0.000249090          -0.000843199
     210     219           0.031209794          -0.022364512          -0.000168534          -0.001022201
     218     227           0.031513564          -0.021798041          -0.000183033          -0.001158735
     226     235           0.031043107          -0.023168676           0.000406619          -0.000662797
     234     243           0.030825047          -0.020928844          -0.000261483          -0.000886100
     242     251           0.030738351          -0.023003147           0.000211805          -0.000903200
     250     259           0.031170770          -0.022954187          -0.000292376          -0.000958966
     258     267           0.031048671          -0.020505228          -0.000282692          -0.000933342
     266     275           0.030209835          -0.023779607           0.000829071          -0.000156789
     274     283           0.029628521          -0.019484059          -0.000465868          -0.000859147
     282     291           0.029362455          -0.023682779           0.000237540          -0.000828591
     290     299           0.030511585          -0.023278241          -0.000696991          -0.001018840
     298     307           0.029459014          -0.018736974          -0.000437022          -0.001725114
     306     315           0.027324373          -0.023444741           0.001361322           0.000645745
     314     323           0.025915767          -0.016613111          -0.000772671          -0.000731805
     322     331           0.025277725          -0.023555980           0.000063959          -0.000750860
     330     339           0.027818148          -0.022593011          -0.001437523          -0.001291351
     338     347           0.024459518          -0.014508576          -0.001035867          -0.002103948
     346     355           0.020134750          -0.018418139           0.001405358           0.001129321
     354     363           0.016844208          -0.010438616          -0.000426639          -0.000180936
     362     371           0.014605591          -0.015193636           0.000150211          -0.000210446
     370     379           0.016474588          -0.013963935          -0.001446428          -0.001077600
     378     387           0.013810332          -0.008792117          -0.001135499          -0.001593955
     386     395           0.011353533          -0.011364683           0.001133433           0.001018273
